0 0.066250 0.414167 0.045000 0.051667
0 0.340625 0.415833 0.041250 0.055000
0 0.452500 0.390833 0.042500 0.055000
0 0.705000 0.389167 0.042500 0.055000
0 0.823125 0.389167 0.046250 0.058333
0 0.904375 0.468333 0.036250 0.060000
0 0.150000 0.543333 0.045000 0.050000
0 0.065625 0.814167 0.043750 0.051667
0 0.127500 0.775000 0.040000 0.066667
0 0.306250 0.543333 0.047500 0.050000
0 0.444375 0.548333 0.043750 0.053333
0 0.440000 0.815000 0.042500 0.053333
0 0.706250 0.552500 0.047500 0.051667
1 0.018750 0.363333 0.020000 0.080000
1 0.798750 0.100000 0.105000 0.030000
1 0.917500 0.301667 0.022500 0.153333
1 0.168750 0.830833 0.052500 0.025000
1 0.325000 0.830000 0.055000 0.026667
1 0.591875 0.828333 0.051250 0.026667
1 0.705625 0.830000 0.051250 0.030000
1 0.851250 0.826667 0.057500 0.026667
