0 0.174572 0.654762 0.059098 0.077143
0 0.403577 0.626190 0.053655 0.077143
0 0.330482 0.299762 0.061431 0.061429
0 0.340008 0.117619 0.049378 0.076190
0 0.276827 0.098095 0.054432 0.056190
0 0.255054 0.119286 0.046656 0.070952
0 0.657659 0.518333 0.051711 0.136667
0 0.659603 0.376905 0.049378 0.139524
0 0.641135 0.150000 0.094868 0.054286
0 0.813569 0.262619 0.043935 0.084286
0 0.868390 0.332143 0.065708 0.062381
1 0.315708 0.679524 0.092535 0.044762
1 0.119751 0.237381 0.030327 0.101429
1 0.158631 0.072857 0.083981 0.039048
1 0.369751 0.070714 0.053655 0.032857
1 0.761081 0.073095 0.089813 0.031905
1 0.795879 0.591667 0.100311 0.031905
